58047
58559
62155
62434
65894
66934
67997
68157
68237
68954
70286
71264
71464
76093
1
2
6
17
24
25
34
36
42
44
45
46
47
48
50
52
110
112
147
150
156
159
161
163
165
194
205
208
209
222
223
230
232
241
247
249
253
261
265
266
271
273
277
280
282
292
294
296
300
318
337
342
345
348
350
351
353
356
357
361
364
367
368
419
434
446
454
457
468
469
471
475
477
480
481
509
514
515
521
524
527
532
533
539
551
553
555
575
585
588
590
593
594
595
596
597
608
616
640
647
648
661
736
745
838
861
1022
1029
1035
1036
32
39
111
260
293
541
589
592
663
671
741
778
799
924
1073
1120
1127
1136
1148
1193
1196
1197
1198
1199
1200
1203
1206
1208
1214
1215
1220
1222
1231
1235
1240
1249
1257
1258
1266
1270
1274
1275
1282
1285
1293
1297
1298
1320
1321
1396
1466
1500
1527
1580
1587
1732
1777
1784
1884
1889
1954
1965
1968
2005
2028
2105
2117
2139
2143
2144
2150
2174
2193
2248
2329
2355
2371
2395
2406
2420
2423
2474
2490
2502
2571
2699
2700
2716
2762
2804
2819
2858
2872
2918
2959
2968
2976
3000
3020
3033
3060
3070
3087
3098
3147
3175
3275
3300
3421
3578
3703
3740
3752
3793
3809
3868
3911
3994
3996
4010
4128
4148
4226
4306
4591
4776
4878
4886
4896
4901
4979
4993
5010
5021
5039
5060
5299
5349
5388
5418
5445
5502
5650
5679
5816
5952
5989
6218
6333
6365
6377
6979
7090
7153
8368
8665
8874
26
58
73
377
529
549
750
858
923
940
946
994
1012
1023
1097
1101
1184
1210
1221
1225
1242
1263
1291
1372
1375
1376
1377
1408
1573
1584
1617
1653
1665
1678
1682
1704
1719
1748
1909
1927
1960
2000
2115
2134
2141
2231
2305
2324
2353
2421
2529
2594
2640
2671
2686
2692
2714
2857
2916
2947
2948
2949
2973
2987
2993
3104
3252
3448
3481
3524
3552
3635
3742
3897
3916
3984
4008
4011
4047
4235
4558
4973
4995
5026
5152
5293
5316
5378
5464
5669
62
164
362
376
380
391
493
500
587
786
802
832
848
914
1265
1271
1367
1370
1475
1487
1537
1620
1625
1669
1693
1722
1835
1892
2002
2006
2125
2291
2294
2396
2605
2628
2890
3100
3120
3159
3178
3246
3247
3255
3425
3452
3554
3
5
10
31
79
95
113
151
160
168
185
204
227
315
316
329
349
494
586
628
694
733
780
805
808
1183
1357
1393
1438
60
340
421
455
552
653
798
953
996
1085
1207
1213
1262
1272
1276
1518
1544
1552
1615
1676
1754
1792
1806
1831
1882
1894
1917
2054
2058
2167
2278
2322
2427
2429
2528
2617
2633
2676
2683
2720
2722
2761
2871
2951
3114
3168
16
21
81
86
97
101
105
123
162
175
176
190
198
199
214
215
233
235
246
259
306
314
320
322
426
441
448
483
497
504
508
535
538
562
610
673
708
724
764
800
846
851
866
902
912
919
968
997
1034
1038
1041
1060
1078
1079
1089
1094
1095
1124
1125
1129
1172
1175
1185
1186
1189
1211
1212
1216
1217
1219
1224
1236
1245
1252
1259
1288
1292
1305
1306
1307
1310
1327
1339
1343
1345
1347
1358
1365
1374
1378
1380
1387
1407
1419
1442
1446
1542
1546
1586
1589
1594
1610
1635
1641
1663
1672
1673
1674
1694
1721
1730
1785
1834
1845
1876
1897
1912
1921
1956
1958
1961
1964
1982
1994
1997
1999
2011
2013
2020
2022
2025
2064
2076
2090
2109
2112
2114
2118
2137
2138
2140
2159
2160
2171
2194
2204
2240
2243
2268
2288
2289
2311
2321
2333
2336
2340
2348
2366
2367
2372
2376
2391
2407
2409
2416
2428
2433
2455
2457
2459
2470
2501
2524
2561
2572
2600
2641
2657
2664
2682
2712
2730
2731
2734
2791
2795
2796
2797
2867
2912
2915
2928
2932
2966
2970
2985
2989
2991
3002
3006
3007
3019
3039
3040
3044
3071
3074
3091
3117
3148
3160
3169
3182
3185
3201
3203
3210
3224
3235
3256
3260
3262
3265
3266
3267
3269
3271
3298
3317
3358
3362
3363
3386
3396
3412
3424
3426
3441
3471
3474
3476
3480
3497
3510
3526
3527
3528
3531
3543
3551
3571
3591
3638
3639
3676
3683
3699
3702
3704
3728
3730
3741
3745
3770
3846
3852
3920
3950
3952
3983
3998
4002
4005
4007
4031
4034
4036
4396
4956
4963
5364
5479
224
372
905
1059
1230
1244
1441
1680
1747
2166
2432
5377
5485
5505
5577
5617
5673
5945
6268
6436
6539
6545
6620
6708
6711
6863
6881
6942
6957
7154
7361
7364
8360
8366
8376
8638
8784
8910
8961
27790
30707
30793
33880
35836
36527
37729
39183
39444
40278
41571
42004
69
104
145
158
216
231
333
344
354
543
784
785
788
1028
1194
1247
1485
1517
1923
2236
2335
2478
2694
2841
3107
3146
3174
3253
3617
3729
3948
4014
4085
4571
4623
4679
4718
4787
5025
5055
5103
5110
5453
5481
5639
6188
6296
6358
6936
7030
7
15
20
70
172
339
417
423
444
492
513
534
680
695
748
839
898
899
903
904
906
908
911
913
915
916
920
930
936
943
950
969
1043
1066
1086
1188
1201
1233
1248
1253
1267
1269
1284
1301
1304
1371
1391
1479
1480
1569
1597
1603
1627
1687
1690
1711
1769
1805
1913
1947
1950
1953
1959
2019
2145
2153
2184
2186
2208
2369
2385
2405
2454
2467
2468
2475
2527
2540
2553
2570
2661
2662
2672
2969
3099
3274
531
836
932
971
1088
1246
2084
2085
2485
3717
3791
3825
3969
4019
4287
4369
5066
5449
5879
5941
6266
6383
6548
6753
7147
7316
8533
8911
33679
40629
44191
44193
44613
47382
49910
50158
50792
52458
54286
55245
55872
56587
56941
56949
58627
62439
62553
69406
70183
74450
74458
74851
75805
79132
765
934
2057
2205
2378
2410
2411
2706
2995
3157
3408
3444
3553
3623
4079
4568
4700
4720
4821
5064
5459
5480
6016
6287
6373
6595
6934
7161
7254
7293
7348
7366
7439
7445
7646
8361
8529
8636
8808
8984
27788
31685
31696
33085
34048
34532
45186
45503
45668
45672
45722
46972
48412
49278
49314
49651
51662
51935
52328
53121
53125
53322
180
187
203
217
272
412
476
506
537
728
762
818
835
984
999
1042
1080
1090
1268
1290
1296
1302
1361
1394
1454
1498
1513
1596
1614
1633
1639
1644
1962
2001
2014
2081
2146
118
179
188
317
432
520
662
1093
1440
1461
1629
1895
2083
2097
2169
2296
2297
2316
2381
2392
2505
2599
2794
3041
3072
3394
3398
3608
3614
3686
3863
4015
4068
4102
4104
4246
4247
4321
4447
4462
4489
4502
4613
4759
4814
4816
4874
4876
4992
5048
5065
5296
5438
5478
5529
5540
5572
5585
5611
5810
6093
6155
6187
6235
6252
6535
6765
6820
6870
6886
6944
6951
7004
7015
7031
7036
7039
7149
7199
7317
7380
7444
7451
8464
8528
8642
8807
8831
8978
26133
27674
27706
31867
32009
33660
33669
33794
34437
36525
37720
38798
40581
40815
40819
40851
43930
44399
45499
45720
46976
47122
49530
49793
51575
52435
52722
52730
54259
54997
55267
55955
57538
58103
58105
58154
58998
59333
59369
59421
59725
60072
60487
60756
62799
63082
64614
64839
65810
66203
67255
67788
68358
68554
68791
68793
69122
69481
70932
72011
73290
73854
78209
79588
81564
81591
81834
86548
88125
91077
91529
91658
94323
94959
95441
97225
97304
97836
98809
101360
102445
103980
106487
106489
106696
106782
108928
108932
116823
125916
11
22
346
491
830
1027
1099
1187
1223
1228
1409
1702
1713
1727
1801
1907
1955
1957
2003
2067
2078
2080
2245
2312
2352
2431
2739
2747
2875
3108
3418
3436
3489
92
140
239
252
410
638
783
837
910
928
1025
1033
1333
1340
1399
1566
1688
1873
2012
2033
2048
2059
2096
2161
2172
2227
2272
2394
2424
2541
2581
2687
2788
2927
2996
3034
3081
3186
3258
3320
3405
3499
3534
3536
3629
3713
3751
3798
3844
3882
3893
3967
4016
4018
4022
4025
4105
4270
4308
4336
4366
4586
4867
4880
5092
5421
5444
5528
5612
5618
5633
5991
6192
6300
6323
6385
6427
6593
6763
6776
6849
6874
6909
6950
7045
7155
7158
7160
7162
7285
7360
7373
7438
7982
8783
8947
8965
8969
8970
8981
27700
30812
30816
30825
31193
31658
31878
32770
33493
34332
35957
38038
39446
40732
41566
42197
45175
45517
45880
46578
46723
47629
48385
48394
48774
48780
49272
49961
50160
50514
51255
54272
54503
54785
55052
55118
55274
55729
55765
56152
56174
56339
56367
56757
59615
60069
4
13
68
82
236
237
242
299
307
308
321
431
465
598
612
645
665
705
720
897
901
933
937
938
945
952
1020
1031
1049
1081
1096
1113
1177
1190
1277
1280
1299
1344
1353
1359
1416
1457
1735
1910
1914
1935
1939
2018
2021
2023
2106
2123
2136
2175
2266
2302
2357
2436
2463
2493
2539
2565
2573
2644
2677
2745
2779
2911
2919
2929
2938
2942
2943
3010
3083
3155
3196
3197
3342
3404
3428
3470
3479
3498
3545
3761
3784
3816
1619
2542
2997
4865
4975
5995
7156
8958
30749
32587
33903
36529
37731
44195
48516
48738
50872
56788
121
154
288
302
831
926
941
949
965
1013
1015
1050
1084
1103
1204
1234
1250
1264
1295
1366
1411
1885
1931
1944
1948
1952
2069
2131
2132
2471
2521
2580
2729
2944
2950
3028
3036
3037
3094
3095
3101
1128
1356
1645
2035
2393
2707
2763
2822
2826
3005
3082
1334
1887
2046
3753
3949
4103
4655
4844
5283
7010
8640
8983
30810
36517
41997
49822
29
678
849
1147
1241
1261
2723
3018
3671
4027
4262
5782
6502
6807
7387
34405
52281
54995
55820
59315
60684
66097
71535
77561
79702
89745
413
922
1178
1287
2010
2908
3198
3469
3504
3556
3910
5902
6331
599
714
1069
1152
1209
1260
1464
1729
1945
2726
2905
2925
3030
3052
3328
3364
3384
3508
3535
3681
3720
3947
4298
4448
4848
5015
5147
5333
5475
5954
5956
6003
6920
7116
7502
7560
7587
7895
7926
8128
8207
8477
8491
8798
26082
26283
27408
31590
33162
37733
39381
44555
44761
46855
47610
50068
51037
51091
53123
55908
56286
57669
60766
63072
63113
65514
66785
68536
69324
70670
70849
72171
73183
75813
78349
78574
85213
86206
88129
89386
90057
90374
90945
95058
96079
96432
96488
96610
99114
99917
100714
102194
105504
107406
107771
108709
109487
112556
27
153
370
416
627
709
955
1016
1017
1018
1032
1083
1243
1373
2038
2087
2124
2325
2387
2398
2563
2724
2805
2846
2863
2881
2926
3076
3079
3254
3270
3285
3301
3397
3399
3668
3786
3827
3831
4041
1232
1348
1701
1949
2178
2356
2648
2652
2848
3022
3089
3163
3176
3340
3347
3966
4330
4333
4426
4970
5017
5062
5111
5373
5603
6170
6460
6650
7065
7074
141
258
909
1077
1092
1104
1256
1278
1449
2015
2359
2583
2693
2877
2946
3035
3188
3244
3361
3435
3451
3462
3468
3507
3622
3725
3836
3926
3927
3959
3980
688
704
870
2077
2496
3156
3189
3263
3439
3555
3618
3624
3988
3997
4023
4232
4638
4701
135
440
474
635
1429
4678
4728
5218
8644
26614
42718
59784
76251
80463
89492
91094
23
358
371
428
450
479
485
507
511
542
719
852
991
1100
1352
1476
1488
1636
1717
1799
1824
1840
1911
1918
2004
2071
2195
2232
2249
2280
2374
2389
2447
2717
2735
2802
2803
2809
2836
2861
2889
3105
3177
3219
3250
3259
3273
3484
3502
3505
3512
3597
3755
3764
3785
3826
3865
3896
3955
3981
4006
4040
4055
4066
4084
4086
4091
4133
4161
4223
4310
4317
4343
4351
4388
4452
4487
4564
4617
4620
4643
4673
4734
4745
4890
4951
5107
5139
5151
5294
5329
5630
5636
5666
5682
5785
5872
5959
6059
6322
6617
6754
6784
6796
6810
6832
6868
6879
6952
7007
7027
7143
7263
7347
8158
8268
8781
8937
8950
8957
26750
27822
27875
30820
33166
34162
36708
37382
37384
40148
40583
40614
44199
44665
44974
46322
47099
50851
53550
53996
55247
55276
56782
59143
88
186
2100
2642
4621
5135
5337
6378
193
303
347
407
659
668
670
702
746
841
918
931
935
942
951
954
970
1019
1076
1111
1161
1202
1218
1227
1237
1251
1254
1281
1283
1289
1350
1354
1483
1533
1572
1844
1860
1924
1938
1974
2065
2066
2068
2075
2176
2181
2182
2183
2202
2221
2300
2303
2313
2318
2344
2351
2360
2361
2370
2401
2402
2403
2404
2488
2495
2511
2551
2554
2611
2612
2660
2665
2728
2732
2750
2780
2782
2847
2874
2917
2920
2935
2936
2937
3068
3075
3088
3093
3121
3134
3152
3173
3204
3216
3272
3292
3306
3307
3310
3338
3344
3354
3365
3406
3415
3503
3546
3587
3632
3633
3641
3652
3697
3726
3732
3736
3788
3801
3812
3814
3932
3970
3972
3978
4144
4234
4263
4274
4325
4329
4393
4399
4403
4404
4405
4406
4419
4420
4422
4432
4433
4437
4546
4553
4577
4712
4794
4796
4855
4903
4914
4928
4932
4966
5008
5013
5073
5105
5114
5120
5165
5169
5177
5179
5249
5291
5300
5304
5417
5439
5477
5496
5599
5605
5690
5712
5780
5787
5788
5795
5809
5812
5825
5971
6001
6008
6021
6031
6077
6101
6133
6140
6151
6184
6197
6229
6254
6273
6286
6301
6305
6380
6433
6509
6530
6573
6579
6581
6609
6611
6643
6659
6660
6664
6666
6669
6672
6684
6748
6772
6774
6777
6783
6787
6800
6803
6852
6858
6869
6890
6918
6947
6967
6975
6981
6985
6987
6993
7008
7013
7022
7024
7063
7064
7068
7070
7071
7072
7081
7089
7115
7121
7123
7126
7132
7136
7137
7139
7210
7218
7223
7234
7265
7300
7301
7302
7327
7333
7335
7371
7419
7482
7491
7505
7581
7586
7616
7698
7700
7706
7713
7748
7749
7756
7759
7766
7767
7792
7925
7934
7936
7937
7943
7981
7991
8004
8042
8094
8125
8126
8154
8188
8195
8199
8202
8239
8261
8338
8340
8404
8447
8501
8507
8516
8522
8527
8584
8601
8602
8618
8620
8622
8664
8681
8684
8724
8738
8739
8767
8772
8785
8797
8838
8848
8898
8923
8930
8973
8986
9013
25744
25750
25765
25771
25774
25788
25793
25805
25850
25891
25898
25904
25911
25914
25927
25930
25941
25963
25993
25996
26003
26052
26055
26064
26094
26122
26124
26131
26150
26151
26159
26163
26171
26172
26237
26242
26299
26306
26318
26325
26344
26350
26400
26431
26471
26493
26596
27368
27846
30712
30850
31309
31522
31660
31950
32179
32792
32892
32898
33072
33247
34482
34542
36276
37287
38304
38881
39292
39481
39869
41285
41336
41527
41699
41863
42094
42217
42351
42418
42681
44587
44590
44653
44657
45028
45210
45679
46664
47044
47721
47728
47894
47999
48142
48698
48997
49359
49394
50274
51080
51314
51540
51573
52042
52528
52813
52927
52929
52967
52973
52975
53326
53835
55067
55069
55805
55830
56563
56805
58299
58301
58879
59037
59126
59976
60333
60950
61132
62437
63876
65135
66547
66783
67923
68874
68952
69088
69241
69604
69699
70846
70871
71108
72405
72703
72998
73614
74545
74624
76079
77266
77496
77658
78499
79008
79091
79293
79695
79879
80590
85
289
779
1888
2120
2443
2497
2715
2746
2834
3264
3917
4063
4067
4153
4155
4517
4540
1658
7325
8132
8641
33004
44204
64969
334
501
921
927
1057
1131
1132
1150
1171
1173
1176
1611
1836
1883
1934
2130
2349
2575
2708
2897
93
170
196
374
405
458
489
1135
1286
1405
1459
1591
1779
1810
1862
1967
2088
2094
2108
2252
2315
2399
2469
2616
2816
2840
2961
3355
3393
3409
3466
3478
3593
3684
3986
4080
4121
4132
4135
4280
4299
4304
4370
4372
4544
4545
4589
4857
4887
4915
5049
5219
5264
5303
5507
5541
5903
6104
6316
6615
6734
6744
6755
6850
6991
7017
7033
7163
7481
7569
7618
7802
7842
8131
8169
8371
8377
8610
8623
8633
8810
8917
8972
26403
26504
26693
27002
27036
27251
27611
30991
31162
34072
34323
36401
38583
41724
42738
44788
45950
46530
48043
49274
49917
50794
51086
53894
54001
55071
55232
55995
57640
58376
59018
59103
59392
60040
60674
62376
62970
64620
64957
65682
65899
69524
70336
71450
71530
71745
72131
72226
72982
73017
73023
73268
74452
74789
76077
78266
79224
81845
28
107
262
613
963
1588
2690
3549
4703
5380
5470
5957
6367
6970
7075
7102
7107
41
3181
6618
6867
8949
26085
38886
41569
369
781
1179
1395
1414
1468
1734
1795
2110
2154
2346
2736
2891
3067
3103
3179
3359
3429
3450
3538
3787
3811
3819
3851
3873
3977
3993
4017
4174
4211
4318
4361
4451
4464
4587
4612
4628
4641
4644
4705
4743
4773
4921
4959
4978
5012
5016
5034
5051
5222
5225
5279
5335
5339
5354
5367
5379
5532
5685
5791
5801
5839
5840
5873
5984
6049
6094
6100
6154
6206
6238
6299
6466
6480
6790
6791
7190
7305
132
173
177
327
328
366
442
466
619
742
842
1064
976
1007
1010
1925
2016
2151
2253
615
1273
1392
1788
2238
2971
420
1379
2102
2133
2334
2414
2598
2710
2759
2770
3213
3548
3606
3653
4239
6281
195
202
425
451
505
605
892
1445
1541
1550
1593
1605
1767
1771
1821
2331
2629
3249
3257
3261
4285
5874
5970
373
2273
2533
2597
3685
3700
3735
637
1608
2301
2883
3477
4692
4799
4823
5265
6283
6663
7073
7323
7367
7647
8373
8809
8914
27369
27370
27904
32019
33437
34319
42011
42725
43836
46970
47200
48593
54745
56251
56715
59022
59607
60126
60161
60816
60818
61323
61394
61646
61729
62956
64285
65230
65642
66240
68945
69685
76293
97913
19
125
536
2212
5254
5308
6242
6537
7318
7845
54
207
338
900
907
1021
1087
1142
1381
1489
1689
1854
1951
2135
2379
2491
2941
3061
3097
3113
3199
3594
3675
3723
3963
4054
4062
4069
4141
4149
4184
4188
4231
4368
4483
4639
4676
4727
4749
4757
5099
5168
1303
1941
2618
3045
3334
3550
3727
4661
4881
4980
5876
6062
6440
8651
313
609
801
947
986
1008
1068
1238
1654
1963
2203
2287
2363
2441
2613
2709
2899
2921
2922
3086
3311
3368
3417
3467
3483
3494
3576
248
516
867
1422
1425
1439
2681
3296
3698
3733
3861
4214
4225
4719
4774
4834
4969
4971
5247
5400
5500
5553
5568
5944
6005
6303
6662
7294
8039
8291
8827
26812
26940
27808
32598
35347
47997
52245
53972
59220
263
1300
1643
1916
2384
2390
2630
4029
4037
4164
12
191
517
875
879
1061
1453
2103
2188
2327
2500
2622
2688
2771
2882
3016
3326
3565
3841
3869
80
152
326
850
872
1226
1337
1417
1545
1649
1859
1900
1929
1933
1936
1937
1940
1946
1966
2070
2442
2494
2503
2550
2609
2624
2691
2952
3077
3111
3125
3145
3183
3232
3456
3475
3559
3566
3598
3719
3739
3746
3822
3871
3925
3951
4021
4072
4151
4176
4178
4194
4237
4244
4252
4271
4323
4326
4334
4347
4380
4391
4401
4467
4769
4840
4873
4888
4920
4927
4964
4967
4968
4976
4977
5028
5037
5121
5238
5258
5266
5267
5272
5365
5391
5440
5446
5447
5498
5515
5615
5632
5747
5792
5826
5875
5878
5965
6023
6118
6211
6216
6258
6337
6339
6341
6350
6404
6429
6467
6477
6499
6538
6644
6756
6760
6837
6935
6963
6978
6982
6984
6986
7043
7077
7087
7099
7135
7172
7176
7177
7209
7217
7238
7388
7396
7485
7566
7572
7574
7669
7728
7745
7762
7820
7822
7834
7883
7919
7924
7938
7939
7941
7948
8014
8044
8143
8167
8227
8235
8272
8335
8341
8367
8405
8423
8511
8521
8645
8656
8740
8749
8786
8844
8845
8873
8951
9018
25741
25746
25753
25755
25763
25766
25769
25773
25818
25834
25900
25916
25923
25934
25938
25940
25947
26002
26111
26208
26222
26225
26366
26379
26578
26587
26662
26699
26712
26713
26776
26965
27095
27217
27255
27266
27366
27410
27550
27627
27738
27741
27768
27820
27834
27838
27878
30747
30803
30822
31116
31359
31410
31545
31973
31991
32013
32525
32591
32657
33245
33264
33435
34155
34314
34528
35015
36056
37741
37976
38159
40033
43376
43832
44073
44168
44655
44694
44937
46105
46559
46803
46839
47150
47423
47808
47904
48123
48682
48696
49132
49347
49389
49772
50259
50615
50658
50740
50742
50912
51884
52005
52199
52767
52885
53143
53447
54185
54426
55063
55269
55272
55280
55363
55442
55687
55814
55854
55901
56274
56333
56372
57069
58191
59118
59382
59519
59684
61037
61100
61206
61240
61357
61967
61986
62245
62344
63446
63698
63808
64197
64575
65261
65418
65660
66200
66337
67422
67429
67801
68069
68173
68858
68872
68956
68967
69640
70295
70342
70708
71189
71418
71438
71695
72039
72491
73885
74553
76091
78122
80693
81158
81385
81751
81786
81791
81817
82459
82463
83193
83322
83359
83369
83411
83976
84116
84128
85211
85790
85881
86882
86884
86898
88127
88339
89090
89535
89753
89759
89896
89900
90266
90357
90378
90428
90866
90933
90943
91869
91902
91976
92008
92475
93723
94896
95088
95167
95858
96150
96728
97168
97306
97673
97921
97936
98056
98604
98797
100344
100538
100556
101893
102588
102753
102800
103027
103306
103341
103624
104089
104283
104361
105197
105844
106100
106163
106438
106766
106920
107978
109374
110586
112290
113064
113705
113741
113829
116161
118700
2053
2567
3438
4954
6157
8866
41573
47644
144
182
218
238
305
319
365
418
461
1893
6786
7023
7619
33639
2579
4189
4322
4387
4900
4902
5014
5325
5390
5401
5420
5463
6123
6598
6773
6945
7076
7324
7440
7624
8364
8530
8607
8865
8955
27721
27728
27773
27801
27803
27828
27831
27869
27873
27879
27882
31804
32582
32593
32596
33154
33171
33358
34148
34153
34271
36535
36537
37475
38061
38188
39427
40412
40414
43396
43460
43708
45728
48082
48304
48322
48783
50066
51709
52241
53189
53318
54190
54881
54999
55094
55444
57243
57368
58303
59141
59387
59731
60735
61236
62511
62849
63131
63828
66297
66509
66665
67087
67734
68848
69757
71057
71282
72712
74324
523
2282
2830
3129
435
674
1130
2009
556
1648
1755
1797
3885
4373
4519
4616
4649
6032
6217
6370
6442
6485
6565
6619
379
464
650
1342
1385
4367
4754
5313
5574
6591
6893
49688
59501
62999
63062
63853
63992
64034
68319
69712
72641
81731
88744
90524
91104
94070
94405
94780
98203
117
1554
2913
3053
3744
4741
45447
55290
67197
71033
73321
80489
81562
84152
84601
85414
86781
87306
91500
91542
92507
94864
96829
102125
102903
103235
104841
104879
111759
114180
5608
5613
7034
47491
52319
65796
69438
69526
1047
3763
4488
4498
4344
6953
7976
48262
53000
58803
490
499
558
707
917
948
964
966
973
1014
1091
225
581
1667
2792
3461
3706
3892
4056
4210
4327
4529
5435
6237
6476
6527
7006
7018
7054
7060
58295
92420
96811
27005
43744
58425
71131
77455
77846
3223
4500
4809
4935
8732
57
1657
2520
2866
3029
3062
3194
3420
4003
4009
9
14
65
76
78
103
174
189
200
219
234
243
256
274
278
281
284
330
332
378
381
382
383
415
422
467
472
502
510
528
540
544
548
550
554
569
606
631
690
711
743
761
1003
1009
1011
1030
57854
70102
82143
82564
18
166
443
574
716
766
869
1279
1472
1529
2034
2158
2177
2189
2320
2440
2523
2607
2727
2859
2864
3281
3304
3427
3457
3521
3747
3765
3921
3922
433
1332
1355
1390
1753
2060
2111
2113
2122
2513
2517
2518
2718
2772
1975
2089
2091
2206
2476
2532
2787
2853
2939
3387
3965
4205
4238
4465
4474
4506
5433
5434
7833
7835
65088
69849
7789
8492
26007
26444
27482
27620
27643
27671
27772
30867
31785
33836
38824
46974
52952
53161
56775
57504
62293
63329
66317
69844
71379
72378
77629
79590
81383
81847
86880
87232
74
257
804
944
982
1562
1616
1683
1932
1943
2269
2412
2418
2506
2546
2558
2643
2757
2852
2870
2956
2990
3066
3102
3206
3217
3330
3341
3360
3712
929
1880
2179
2180
2187
2210
6639
6724
8670
32728
53883
55284
80906
3797
4143
4756
4758
4770
4885
4899
5094
5128
5171
5524
5621
6196
6280
6294
6484
6503
6541
6564
6764
7175
1437
4020
4389
4847
4974
8499
37955
41617
50601
1255
1388
1431
2328
2549
2560
3701
4443
4572
4744
4894
5784
5833
6213
6534
6550
6582
6695
6707
6709
6731
6808
6872
6966
6977
7000
1991
2116
2696
3783
4033
4359
2843
4515
4778
5508
5525
6002
6291
6508
7352
8573
27727
27815
27821
31408
31952
33603
39231
40870
43897
44849
47202
49130
53129
54372
55555
55721
59590
64622
68073
70567
71462
92259
959
2610
3118
3992
4378
5668
6215
568
3422
3634
3943
1006
4090
5348
5620
35
43
862
1650
1902
2062
2259
2437
2621
2711
2801
2829
2998
3584
290
1809
2784
5040
5992
7044
7458
33615
68522
77307
80219
2043
2247
6297
27912
30818
122
5292
7171
26649
26729
4061
51834
53956
55100
3773
4499
267
1004
985
1180
1725
1874
1942
2670
3248
3333
3586
3654
3682
4028
4291
4338
4508
4713
4795
4802
4830
5079
5385
5404
5518
5644
5693
5707
5772
5955
6037
6042
6115
6181
6183
6270
6356
6413
6422
6448
6461
6779
6856
6983
6998
7058
7079
7096
7151
7225
7303
7311
7489
7753
7786
7787
7836
7840
7944
7979
8147
8183
8228
8264
8337
8446
8524
8675
8754
8880
8954
25757
26038
26188
26349
26524
27876
27884
30848
30996
31260
31485
31528
32025
32261
33136
33621
33649
33675
33677
33725
33826
34536
34767
37855
39307
39414
40966
41721
43333
43936
44197
44595
44709
45730
45732
46561
46850
47148
47261
47793
48326
49225
49824
52356
52579
53498
54736
55176
55286
56607
56885
58490
70293
72395
73323
74510
84392
86320
88810
89804
89864
89904
93040
93721
96821
97752
97938
98154
101895
3862
3968
5943
6006
7255
8362
31433
45106
45726
51084
53993
55261
63239
65585
68135
79428
82852
1623
2596
2701
2719
2860
3961
6250
3945
4958
7346
26865
46335
51277
52950
56145
71135
72167
74795
76060
77866
79057
88140
5867
6327
7040
7056
7084
8016
25855
2052
6889
33644
58306
89
1707
4168
8814
34150
519
64
100
171
518
1875
2261
2434
2439
2639
2702
2778
2842
2901
3211
3316
3449
3760
3895
3987
4052
4815
4862
5454
5899
63
782
3287
3979
5414
6264
6265
6873
33134
36519
37386
44022
45431
47518
52712
54256
56003
56156
57464
59985
74948
79357
3854
5319
5938
6612
7256
7742
26663
26694
26788
876
1590
1858
2237
2582
2606
2625
2808
2879
2880
3440
3563
4207
4277
4440
4442
2654
3737
228
1051
1112
1401
1535
1827
2128
2165
2492
3581
5137
38388
58156
61024
40337
206
30
269
363
384
390
429
456
522
681
737
1162
1351
1413
1482
1640
1794
1866
2163
2241
2659
2744
2817
2940
2986
3090
3200
3243
3308
3395
3423
3446
3459
3525
3688
3692
3708
3738
3929
4117
4190
4218
4251
4276
4279
4297
4407
4444
4470
4478
4574
4688
4711
4835
4945
5022
5023
5059
5119
5198
5358
5642
5686
5696
5721
5752
5893
5937
5986
6120
6506
6584
6599
6638
6667
6780
6797
7020
7067
7091
7307
7386
7478
7484
7577
8302
8330
8459
8542
8596
8752
8765
8768
25868
25943
26148
26479
26585
26838
26840
31101
31588
31770
32160
32369
33564
33834
34534
37736
41716
44004
47306
47640
48575
55895
71429
85342
2413
3872
8617
45525
55205
7320
829
1631
1856
3127
3707
5419
577
697
1191
1363
1421
1783
2121
2126
2250
2307
2375
2430
2450
2504
3109
3385
3430
3431
3432
3433
3434
3705
3766
3767
5646
5847
6542
7057
2072
66156
67508
68194
70728
72720
73344
77800
79592
79720
81932
83134
84772
85401
86332
86833
87234
89305
89470
89774
90376
90528
90746
93510
93838
93840
94466
95510
95873
95939
96606
96751
97860
98961
101525
102033
102407
102684
103042
104913
105593
106916
110501
112552
113862
115569
4438
6864
2263
7088
2279
5625
6482
7173
8836
8948
33145
39715
43921
49396
2239
2498
4642
6449
7101
7178
7448
69606
71248
73266
74916
79134
55
61
183
279
297
375
424
430
498
525
571
685
700
767
877
988
998
1053
1192
1341
1397
1465
1509
1531
1601
1621
1646
1651
1696
1715
1726
1756
2037
2104
2257
2262
2310
2347
2400
2419
2435
2453
2530
2531
2713
2738
2741
2751
2774
2849
2900
2907
3050
3078
3112
3115
3138
3142
3214
3251
3350
3370
3388
3491
3496
3506
3557
3590
3649
3709
3714
3858
4043
735
1848
2827
4603
4677
5004
8879
301
2752
3599
4095
4206
4537
4555
4664
5237
5345
6822
6932
8385
8929
26084
26680
26782
31225
31694
39234
43917
47950
155
2789
3447
8581
72489
99728
106330
4312
5298
6954
7983
8270
8582
27317
1660
2482
3905
4533
4798
4981
5981
7215
1330
1760
1969
1971
1972
1977
1978
1983
1987
2086
2519
2614
2878
3013
3032
3604
4414
4450
4480
4501
4532
4561
4665
4681
4736
4753
4811
4826
4831
4929
4936
5018
80831
84954
86190
89118
95558
97923
98491
99145
1126
3544
3679
5544
5548
6636
7247
26476
5389
45666
48791
49286
58025
58655
62718
64716
65193
69436
81537
85367
86293
87222
88179
91126
91653
92422
92509
93512
95449
95720
99117
102481
102686
103335
103372
104211
106918
107069
107348
110771
111113
111743
112138
112788
112852
115617
116977
118696
5106
6214
6223
71579
81788
88163
88932
92048
40
49
83
90
114
131
149
213
341
386
389
496
563
580
601
632
691
715
755
760
844
893
961
1037
1040
1056
1082
1121
1346
1404
1450
1496
1514
1548
1556
1582
1624
1626
1684
1695
2045
2074
2099
4424
331
385
768
1054
2314
37857
8496
33312
26528
58889
33451
58554
62644
72554
73392
79242
82244
6980
718
2810
3487
5244
6705
6857
8157
2173
82534
86628
86911
1067
2330
3789
298
2192
4273
6162
8070
1671
211
452
2383
3672
3909
4039
5009
6160
6244
6725
6732
6743
8033
91199
3830
1970
2107
3325
4446
4897
45928
4738
5882
6544
8369
8526
32029
4228
7454
8985
43419
48319
48416
49284
49528
49647
50804
51077
52604
427
2155
27731
32456
2073
2924
5095
5472
5629
2050
6116
6405
6523
6749
6785
6812
6826
8008
8762
26198
567
2337
2481
3295
3569
3655
4307
4383
6571
6898
32840
32875
42191
47404
48045
55167
71899
94833
95311
95313
95654
95856
97172
103141
111661
112175
112183
117444
1024
1814
1904
7216
33158
51412
58293
2024
2800
94
7001
7025
1901
2323
2499
2578
2775
2844
2930
2960
2964
3051
3128
3150
3319
546
2082
4721
4748
6040
6263
240
611
1432
1920
2815
3208
3985
4767
8010
8493
886
2042
4771
33646
51931
54004
63859
71156
74946
78772
80241
82202
82461
83910
85131
87869
270
408
488
1511
1686
116
3615
40723
59900
69381
78637
7843
602
1817
1865
2525
7062
4846
7094
30898
33817
37830
42728
42632
45081
72294
51357
3011
3047
3677
617
2593
3309
3823
4197
4427
4690
276
3991
6231
6255
7379
7702
8695
8881
8977
32721
62974
73089
56921
251
1382
4110
4733
6041
27376
46967
60074
60408
61160
66198
72733
72737
90430
91630
105468
1642
2380
2448
2793
388
3284
3379
3516
5146
5312
27778
30894
33164
48877
53953
55577
565
1647
2764
72
268
2026
2148
3135
3357
3756
3864
4077
4345
956
2207
3096
3724
4046
4187
4216
4292
4356
4495
4784
5098
5383
6082
6178
6345
6428
6649
6671
7078
7080
7211
7212
7222
59
264
639
759
769
803
807
823
957
1044
1116
1406
1477
1502
2283
2620
2627
2632
2767
2820
2869
2894
3055
3092
3161
3167
3171
3414
3473
3645
3670
3678
3731
3795
3808
3855
3870
4024
4098
4113
4152
4160
4186
4191
4256
4423
4429
4535
4710
4716
4723
4731
4783
4801
4819
4923
4998
5005
5056
5100
5122
5142
5193
5202
5223
5231
5234
5236
5269
5352
5399
5436
5466
5527
5560
5601
5602
5604
5688
5817
5838
5951
5975
5994
6056
6072
6107
6159
6226
6228
6233
6234
6241
6247
6271
6307
6376
6388
6453
6487
6524
6547
6770
6896
6971
7086
7206
7328
7338
7564
7705
7771
7940
8191
8197
8379
8482
8650
8884
8933
8943
25886
25901
3903
4765
5072
5820
6668
2338
5324
5387
5890
7460
8117
27109
27695
27716
38095
53519
8403
8604
95875
100383
101864
2765
6730
8512
2129
3230
3327
2284
7037
7042
352
482
1410
324
753
1772
7649
51562
62836
70599
78469
3268
64993
229
4166
4220
8121
2673
3289
3410
3982
4165
4849
5112
5350
6212
6344
3529
3613
4410
4468
4605
2983
5649
600
1677
3008
3324
4303
4381
4788
4898
4961
5047
5074
5341
5619
6122
6156
6288
6552
6567
6883
7343
7442
7459
7570
7879
7920
8667
8815
8833
8870
8872
26258
26527
27020
27604
27664
27864
31420
40946
40955
40959
42013
44864
45382
45440
45635
46574
46772
47778
49932
50685
54281
8577
1757
5494
5526
5763
6126
7486
8012
8327
27592
27722
31364
33592
5516
6441
26285
26453
83525
105250
108583
5426
44397
1507
3539
4082
5423
5509
5670
5900
6692
6948
7124
7932
8966
26485
27329
27758
27847
27922
31539
32493
42163
43652
44633
45837
53024
55031
55851
56012
57274
60291
62250
65188
65225
67223
67665
68205
69458
69784
72479
73469
74275
77596
77837
78039
78088
78517
78633
78774
79677
79760
80572
80862
80928
81156
81191
82037
82053
82767
84273
84770
85774
86290
86345
86347
86377
87304
88724
89260
89337
89761
90439
90531
91622
92535
93324
93831
96911
97024
97639
97866
97904
98122
100581
102123
103107
103255
103539
104069
104881
104944
105211
105355
106841
109687
110110
110882
111362
111364
111529
112582
112623
113240
114060
114342
114662
115149
115210
116136
116138
116797
116799
117364
117533
118896
118898
118930
119141
127098
3238
4221
4600
5415
66
990
1447
1456
1598
1604
1655
1681
2142
2568
3276
3511
3513
3821
3879
3889
3898
3915
3999
4255
4265
4267
4397
5288
7933
8401
8773
3492
5637
26313
6063
48231
59026
722
1153
2873
3880
3975
4570
4808
4889
5287
5974
6045
6066
6109
6536
43560
44225
52287
55999
58347
68269
69304
69574
72701
73015
73319
74530
1169
3153
4042
4337
4339
4349
4436
4557
4803
4804
5036
5745
5799
5869
6051
6064
6457
6459
6533
6561
6645
7009
7114
42015
2290
2651
824
828
1571
2285
2886
2923
2967
2988
3110
3132
3222
3501
3734
3849
2382
5486
60948
65133
1412
1670
3515
3989
3353
4296
5353
5947
6811
7055
7059
7111
25856
26246
26394
37240
40826
42002
51471
51694
56171
58839
59440
59995
60147
60482
60943
64499
64501
64983
65130
65216
67267
69394
71211
71518
72113
73860
79897
80939
81512
81819
81910
82527
83270
88235
89085
89570
90624
90645
91128
91325
91571
91673
93287
93740
93982
96693
97395
98017
98585
99112
99149
99750
102993
103083
104272
104374
105213
106441
106889
107141
287
561
8
87
126
254
275
325
360
484
1746
3225
4755
4866
5309
5361
5362
5610
2354
77
1499
1563
1699
1743
2265
2386
2555
2678
2689
2725
3495
53
99
108
184
495
526
1349
1415
1484
1497
1549
1613
1733
1759
1922
2304
2512
2865
2972
3046
3165
3221
3303
3374
3445
3580
3637
3771
3792
4390
4428
4640
4695
4708
4725
4766
4789
58351
84944
7831
8712
2275
1151
1570
1762
2483
2753
2856
2981
3133
3329
3490
3547
3658
3659
3757
3875
3878
3928
3937
3960
4167
4192
4195
4212
4357
4400
4416
4434
4435
4541
4552
4626
4633
4658
4669
4670
4682
4687
4697
4709
4786
4813
5397
5570
7029
7082
7085
7112
7128
7134
7208
7221
7237
312
355
2408
2862
3137
3564
4654
6168
6232
3802
3867
3918
5038
5651
4392
1841
2704
3800
4810
4832
4833
5328
5677
6927
7167
36513
44929
5896
6027
4479
4911
5184
5504
5797
5968
409
3646
1117
3953
5489
6357
6368
6526
6828
6885
7331
7761
8011
8201
2029
38499
73101
7306
71575
27271
46948
47952
50800
3038
4680
4696
4893
5643
5853
5914
6990
7028
7122
7236
2162
60516
69644
94777
95543
6721
4735
71
304
310
437
453
460
5767
6058
8660
53578
70769
78703
112911
117176
5909
6880
7235
8253
5323
5808
85736
2587
3696
3843
3857
4683
5080
7930
8225
8241
26492
26736
30745
44828
53127
69275
69951
9010
71619
74685
2953
4293
4509
4525
4578
4625
4675
4939
4957
5250
6976
8614
26488
7844
8805
32302
9005
63433
83613
85788
103228
114935
71106
5563
5564
7376
8861
32017
33683
48982
52694
64497
71838
78105
81229
94018
157
309
406
1458
1516
1612
1829
2168
2170
2295
2697
2839
2896
3049
4000
4116
4217
4278
4282
4283
4289
4294
4300
4918
4960
5220
5398
5932
6065
6230
6416
8585
8913
25777
25840
25999
26147
26158
26178
26472
26564
27850
32943
34469
55553
2306
4169
5214
6882
7157
8799
8916
31687
32031
80549
111921
119145
7382
7827
27660
5131
5662
7164
51939
286
7980
58078
62113
6768
666
1046
2342
2559
4038
4601
4672
5769
6308
6313
6320
6346
6351
6699
6747
6798
80839
79226
3073
1398
1515
1564
1919
3845
4912
4919
4994
5027
5881
7032
8273
45183
55282
58975
2339
2458
3500
3540
3205
4302
4941
5764
5915
6139
7708
8800
26386
50064
1062
3769
6269
7047
7918
8840
30846
58622
5483
26425
1420
8456
32387
36850
62801
2093
2365
2417
3620
4782
5450
7150
5076
5301
5743
5990
6102
6239
27843
50011
54229
89047
92694
93790
95309
96966
99764
100843
101498
103984
105246
105835
108727
108729
109848
110127
112421
2509
4224
5256
1995
2902
2974
3015
880
5108
6186
6311
6679
6887
7297
7365
27816
33672
39398
42730
43869
48161
51933
61352
65588
70697
79553
73881
85179
94969
106072
110102
120138
62336
1600
1791
3537
3964
4491
4584
4599
6400
6419
8024
8056
26462
27746
34523
62526
67408
70208
5311
90600
1816
3749
4477
5172
5777
169
3813
4377
5818
6710
7456
7579
8532
25789
27178
27857
31123
31374
33893
41941
42958
47970
48342
48598
54193
54331
54967
55190
55207
56908
60461
64701
66371
66870
67620
70521
71466
71928
72330
72386
73413
74282
76755
77843
78116
79541
80586
80969
81804
82589
84242
87270
88911
89356
93134
93892
94931
95135
95488
96314
97311
97870
101973
103606
103867
108540
116897
117881
1314
2260
2267
2276
2281
2345
2445
2749
3130
3817
4060
4111
4119
5123
5732
5768
5802
5963
5977
6452
6454
6517
1692
3908
4471
7743
6248
6884
6989
7232
7781
8189
8221
26375
31435
32562
81018
83132
102792
111659
113573
46478
51127
60293
70862
74541
78160
78162
78544
79073
79287
81456
82667
84236
85796
2535
2634
2647
2649
2650
2781
3488
3833
1609
1661
773
725
4636
4662
6315
6860
56801
60609
73759
76175
5187
25866
26811
48872
436
5852
343
809
840
1833
1869
2798
2799
137
896
2626
2721
3718
4386
882
8793
26326
26717
27397
32196
33896
40752
61026
68486
4200
5069
6713
806
5101
74152
76738
80185
83506
97933
100617
1846
2425
2807
2669
3519
1819
2785
3832
3936
4996
5163
5239
5911
6125
6375
6602
7061
7561
7815
7891
7984
7990
4877
5993
6596
8908
8391
8485
32213
32291
33340
34540
48061
54796
57147
62792
69140
80126
1114
3518
4175
4453
4484
649
47725
94985
3339
5368
31617
48825
99532
3754
4997
27402
31221
31424
33681
43928
44731
49649
50796
52462
59040
60514
61401
62394
65685
65868
66171
66639
67867
72165
77364
78893
79139
80363
4275
4988
5127
7046
8748
8905
486
512
570
2017
2514
1984
2119
2377
2456
2615
2635
2668
3017
3054
3840
3973
4092
4492
4685
4691
4987
91974
1463
1520
3906
1780
34338
69842
71537
76173
4785
6818
26152
4049
5297
6035
4629
89039
559
2040
2095
8019
8589
4916
4454
210
732
8906
38
146
181
754
810
4371
32239
53468
54910
69134
77854
104241
104457
111360
112370
112818
1998
5765
8045
4824
7584
7826
8796
2092
192
255
404
470
667
727
2737
3643
3716
8370
5628
4097
4180
4353
4355
2373
3371
3372
4314
4602
7453
8593
70562
91808
59810
68159
6086
26606
27156
60979
92643
4624
6163
6902
27866
31114
1005
72356
336
445
7351
39435
72224
85394
106642
7003
7299
8254
26875
31547
48165
52666
59260
60341
63033
69516
76111
76158
26560
27112
61210
62374
63222
82765
99437
115122
41769
47976
51660
51925
55255
69654
83302
85438
86298
86852
87079
90471
91079
94266
100527
100745
3790
1662
1744
1752
1804
2574
2831
3824
5667
1861
2962
3323
4107
4439
4772
5392
5709
6067
6075
6083
6108
6121
6136
6257
7286
7946
2577
3600
3602
1728
4856
4806
6412
6924
8451
8481
25827
25828
25839
25841
26388
32076
32162
32316
32349
32371
32381
32589
201
656
885
3202
4124
8484
26048
26073
26269
26616
26681
26842
31930
41627
62803
37495
38701
58297
74228
77201
83219
2755
2769
2963
3063
3331
3605
3628
3946
4139
4240
4316
4411
4522
5057
5868
6127
7125
7775
34552
45501
5933
6815
50651
51698
55732
70643
72694
84615
87298
88835
8372
46337
63436
72129
81535
82169
2358
5678
26422
50442
50858
58162
60753
70159
70344
71327
72741
73587
76272
78316
80860
87192
87194
98230
100326
102070
103048
104078
868
1493
1585
393
4559
5159
5451
6348
6349
7192
8666
33138
42734
43679
50003
50703
54648
61167
61991
62081
62726
66130
68959
27744
46156
59912
66302
70828
71823
74431
3990
26758
49856
74488
65126
79251
80281
85780
96655
105755
726
1526
2813
6965
96
4136
4409
4627
1389
1863
5282
5582
6586
6616
7395
8119
8531
8907
32011
701
6624
7375
8643
42009
60397
72407
84374
6185
6997
7048
8968
6583
731
1436
2098
2637
2646
2653
2656
3141
26913
27253
27311
27478
44815
66335
66915
70994
71460
42723
46347
68659
26467
54962
69529
81132
81257
84952
89780
94677
102666
103249
103253
106002
108689
109187
112804
36363
729
2079
2663
3367
3375
3806
3923
4001
4203
4332
4473
4475
4543
4704
4930
4942
4947
4982
5046
5054
5199
5209
5226
5227
5276
5290
5431
5437
5499
5506
5521
5522
5555
5640
5733
5830
5961
5983
6478
6648
6657
6809
6900
6969
6974
7035
7083
7118
7573
7720
7757
7791
8134
8257
8266
8378
8395
8591
8690
8987
25961
26010
26078
26101
26155
26169
26203
26622
26701
26887
27441
31184
31255
31502
31923
31934
32203
33587
41014
41411
43677
48543
62733
66365
74095
70432
7016
27830
37739
3241
463
478
881
2031
2032
2255
62049
5093
6888
8576
66090
68886
85510
90474
96861
1523
4159
5803
6703
6959
8494
8860
27837
34143
43871
44911
55080
72605
74156
82242
86142
88515
88950
89102
92236
100244
103883
104441
111795
27373
3794
6335
8575
8813
31702
2906
438
7847
26555
27899
31150
33463
79929
80917
98243
583
1973
2270
4518
8260
68932
70410
72209
74532
75440
3930
6166
6290
57528
59727
6717
80551
103384
110453
27584
71468
757
2056
4146
6414
26743
27416
31437
40491
55253
71304
71484
72249
747
1144
1928
2049
2466
2538
3003
3023
3069
3172
3215
3834
3957
4122
4201
4245
4836
4990
5035
5097
5375
5638
5659
5846
5916
5985
5997
6147
6201
6259
6260
6314
34435
47394
51503
84716
57655
27392
53207
56479
888
5002
4466
547
2898
3758
6722
7266
2933
3621
4615
4645
6114
6782
7763
8928
26939
26947
27033
32649
40591
50842
57637
59915
60382
60579
64278
72630
73211
74370
78836
80094
100106
107057
112515
3673
7818
25738
25905
56141
59188
106
1428
2157
72731
74688
75341
82447
5452
6862
37727
79185
80727
82167
87520
88405
88785
89480
90249
90405
90717
91485
91535
91842
91978
92234
93563
94150
96121
96588
98124
99813
100108
100498
101362
103339
103772
106785
108188
108190
109673
109864
120635
86593
1992
3158
33750
43914
48032
52448
55110
55498
56001
56719
58381
8600
2211
2451
2666
2667
2992
6910
73876
2585
6761
5241
5680
3974
4162
4259
4516
4520
5155
6010
6173
7841
30791
33288
38097
42556
65359
71700
82041
1164
1312
1329
1534
2931
3218
5591
7437
39703
40339
42935
82173
114552
102
633
6289
7810
7811
7812
38294
43934
53464
58972
85763
89190
96737
8609
6382
32825
53450
62834
4722
6793
1668
3509
5363
80729
6306
2602
5243
7884
59258
69746
27905
74791
95105
96281
108979
115664
4035
4496
83349
39886
1313
5664
5949
6424
31689
46572
3192
4208
5958
33539
1474
1551
2047
3877
5357
5460
6775
33819
34321
53769
60647
449
573
3122
283
1123
2824
3302
3914
5723
87485
112940
459
7475
7809
27689
58315
79533
69306
27851
7381
25764
40574
1812
1703
4476
1976
3901
4219
4610
4991
2783
3627
4065
5157
5410
5606
5771
5980
6148
6629
7650
8612
25807
26973
27491
30783
32554
40586
49817
50641
70533
70946
79578
91488
103299
110553
1906
4266
2557
4761
4842
5118
5395
6195
6279
6403
6450
6727
6854
7334
7580
8410
8462
8751
8998
8999
9000
25929
26138
26391
32509
33838
34645
49220
52495
73608
77293
82093
5822
104243
4531
4686
5901
1879
2544
2837
3859
6961
7011
7130
8938
34164
34198
46965
47836
48744
50229
60990
6683
6696
113275
118997
473
1055
4790
92210
101962
2271
7394
26974
6938
32460
44058
50162
53460
57792
68347
68963
71520
77191
77421
79274
89074
5088
8236
8608
6497
7200
7888
25852
25937
25954
32139
32280
44041
51372
64338
66544
71011
74089
91821
114028
3124
5783
32058
87660
664
8959
47465
925
1026
4030
4699
7362
26502
3759
3775
4352
4394
5109
5197
5458
5482
5804
5927
6030
6124
6338
7354
4415
26870
46062
53974
4354
5117
6735
7714
43853
65596
85354
86892
87876
89629
119
1098
4131
49412
64511
4729
50005
86644
3680
79536
5824
6193
27871
5609
6014
7449
27022
45442
48678
64997
5859
26547
45062
54771
74677
7790
5081
5530
5843
43635
72117
72591
987
8755
992
27647
64167
112006
8534
27193
32469
4646
115
244
1433
2051
2147
3351
3592
3693
3777
3919
4425
4441
5164
5305
5588
5858
5898
6119
6220
6243
6396
6723
6946
7202
7915
7951
8035
8795
8854
8932
26183
26241
26251
26340
26540
26565
26629
26925
27186
27351
27432
27724
27865
31270
33709
38046
40226
43983
50583
51991
56093
60303
61289
62203
63179
63181
72142
72485
79800
79863
87413
103621
109161
117192
4595
7319
8574
2590
26554
5589
5134
5600
6219
7773
42213
55652
61319
62577
78034
80139
81782
93443
95804
833
2292
3392
4764
6012
31903
84
751
2362
4147
4884
5255
5942
6762
7455
27646
47446
49205
55620
5940
3106
4078
4089
4485
4504
4581
5346
6134
6410
7012
7493
7707
8725
33779
891
1105
2975
4109
4227
5428
5675
85412
4248
8912
8939
27839
33499
42732
48560
2806
7383
37380
27216
74416
96501
103279
7260
1490
47152
73808
359
2190
103688
108780
108981
113453
117851
27155
55288
66320
67799
6789
7304
7377
53921
960
1181
8867
27316
4715
44889
1565
1985
55768
26294
77328
77330
77359
78856
8974
3562
4242
4523
6060
8598
8771
90647
392
1773
2460
2982
3837
5569
5726
5770
6070
6387
6816
7193
8196
8425
8520
8680
8746
26603
26702
26704
27365
48518
65939
90620
75
834
1000
1539
1543
1547
5334
27563
61262
4183
4215
5694
5862
6024
6143
6600
6601
6614
7026
59709
60037
8731
96411
96467
96662
1508
3283
4863
5885
6293
6750
6851
7487
8123
8332
8365
8919
9004
26581
33585
36523
51174
52838
56508
58595
59549
69988
71542
72367
76763
79824
80775
80864
81083
86487
89321
90947
93432
95744
104137
104339
107883
2545
27246
32300
55844
61361
1664
2044
5289
2350
4714
5728
5815
7321
7912
8835
31427
49280
54775
54787
55116
5394
45662
1525
7450
48414
7410
34334
57951
60832
90719
2422
3024
4340
5523
7614
8460
8580
1070
1369
1519
2742
50923
5068
3715
49312
56389
6690
26631
26934
48972
57502
57980
60904
74486
79798
5412
8208
26342
26903
33487
44597
45506
48001
52170
53737
53788
60551
77316
78679
2978
7374
1979
1980
1981
57401
4154
5969
6332
6759
27064
101106
1798
4126
4909
4064
94478
110730
5178
245
90345
7243
77240
4350
1323
1326
1335
1503
1592
1855
1988
1989
2036
2149
2152
2465
2473
2552
1583
1986
71500
92391
3454
5344
5476
6329
26521
250
3690
4331
54276
54978
65577
68749
70133
85007
88672
90576
92243
93988
95443
95567
100302
101577
101612
2818
3143
3154
3768
4922
4924
5692
6392
6401
6434
6437
6438
6446
6458
6462
6470
6518
6652
6728
6736
6859
7049
7050
7195
7205
7219
7275
27800
4198
5497
3711
4674
4828
5170
5645
8753
26174
45172
47254
48660
50445
59429
63479
73106
78218
93326
98296
27867
620
2562
27555
117590
96367
102716
387
487
4012
32078
52717
54075
58107
70663
73874
74111
85020
3299
4342
5096
6379
27523
52644
56169
57520
60941
89028
1698
60760
4563
69069
85056
110809
118900
5033
5581
5705
5760
2766
115231
1426
1460
5310
5556
6464
6481
6549
7258
7701
8363
31223
32289
32298
33830
34520
43919
65813
2507
42422
59418
71691
76054
77233
85312
87308
2586
7355
5796
8924
26134
51044
65665
68835
6528
411
3884
104303
3881
8730
6312
3805
27641
44317
44943
54612
58084
67295
88812
95583
97832
6714
27544
43904
3976
90888
5000
6202
6844
8862
61406
66744
93498
93939
113315
94126
4630
5102
7117
59306
2758
178
4261
5684
6465
26550
5268
6592
27152
53906
63189
82926
92309
4800
4660
5749
6678
7284
7620
67186
4534
5372
5829
4513
4562
4837
5078
5217
5307
5593
5720
6495
6658
6994
7093
7250
7414
7716
8686
26090
26240
26249
26301
26303
26324
32632
33036
58246
92920
94799
3956
36533
5425
31956
44189
45664
47940
48856
51418
51705
52668
53988
55451
56060
58334
60389
60503
60894
63194
6996
49957
8605
93363
4594
4614
5235
5531
7817
8537
8733
26688
26746
26849
27450
27608
31133
48879
52321
54686
59016
65982
72043
74944
75389
77540
79796
82744
85025
85397
86835
87430
93297
97950
99910
100163
100810
101076
101207
102720
103075
103655
104129
106491
107314
109569
112171
112897
114246
3616
44840
30892
582
791
3012
2914
4458
4459
8502
8726
26302
30883
124
51024
335
4989
5347
6702
7257
8387
33421
38992
60137
1996
74696
2462
4222
5224
6647
26322
27802
3245
4376
2812
4569
2888
3453
6318
7916
8869
6078
114007
8407
8615
51857
2185
5725
6921
7069
7179
7241
7889
7894
25975
26378
27302
27713
31148
34238
34696
42783
58992
61937
68868
71902
80181
91233
101415
8963
4335
4812
566
1384
2201
2209
2219
8711
26268
31921
6637
8663
47264
47937
57536
72380
80846
81417
93855
110591
1881
3748
4254
7369
8616
27685
4408
34326
8720
4579
1427
621
4524
4609
5635
6180
6249
6686
7142
8832
8946
31026
5912
8334
26612
34583
66385
89030
5691
7784
2286
4233
27571
47503
58808
73168
74504
77795
82150
33815
71668
74154
78041
80166
81784
92264
93270
94325
96110
99087
100390
100507
109483
109846
111622
114762
115667
129354
130490
3004
32383
108983
1659
8130
67839
790
2705
3533
4575
4797
4907
4938
5087
5145
5208
5465
5575
5641
5660
5834
5953
6020
6046
6105
6200
6272
6277
6439
6576
6578
6604
6641
6757
6840
7129
7492
7578
7637
7730
7758
7764
7914
7942
7947
7959
8203
8206
8238
8275
8295
8331
8422
8478
8583
8727
8757
8851
8936
25751
25759
25762
25786
25792
25795
25797
25825
25830
25865
25870
25918
25952
26043
26113
26117
26187
26226
26231
26501
26558
26731
26796
26850
26928
27776
30701
30721
31107
31347
31524
31737
32234
32483
33113
33119
33454
33933
34051
34246
34548
36883
37626
38384
40010
41136
43177
43482
45335
45942
47092
47274
47601
47619
48909
49200
49355
49668
50245
50898
51678
51773
53038
53435
54196
54241
54510
54833
55159
58709
58937
59832
59846
60311
60625
61816
65091
67193
69911
70201
71199
78653
27391
2446
3625
3691
3694
3695
3774
4779
4871
68552
115170
1174
6319
84950
4737
41226
1163
3619
4751
5041
5561
5665
6022
6153
6203
5351
39052
96832
61678
81090
85072
5075
6939
8918
38600
31263
52227
55417
59105
73276
93272
291
3064
5580
26561
27340
57370
58706
60939
61250
64032
65802
69934
70282
70334
71252
72919
74698
74868
77206
79463
80858
86014
86817
89388
90476
91886
92335
94015
94503
98373
101142
102880
104074
104245
109578
113378
49422
8718
92494
108945
114795
114847
60857
68690
2526
3660
3661
2945
5077
3913
84395
3888
4780
5295
6190
6568
8619
8915
52375
69995
72169
44966
75983
3139
3807
4717
6805
41585
564
58783
71325
85022
1561
860
4284
394
2892
3839
4634
4698
5590
5653
5663
6132
6222
6395
6585
6676
6817
7474
7878
7897
8142
8198
8495
8595
47646
1581
1870
1896
3391
4585
8710
8922
51312
55278
55402
93933
103444
103554
105769
108778
111235
113225
86295
6559
64116
71876
80615
90403
97057
101025
101112
104312
2851
3810
4632
2264
3056
4521
5689
6033
6039
25995
2027
2790
3400
3669
5584
6687
6895
7005
7541
8015
26539
26810
26861
26915
32116
32153
34111
47196
51063
52283
61246
65601
70641
72176
79318
82739
85259
85316
89523
96815
102217
103219
103483
109742
114082
626
634
710
27434
2904
26901
61465
2984
8292
43497
59935
60566
70659
47384
49276
5841
8535
4999
7053
8336
8463
8480
8486
8694
8775
9011
9014
25826
34624
47723
48301
6076
54780
83086
1317
1656
3403
4045
4360
6546
53919
57353
83082
89302
99574
101741
103275
74508
84847
89678
96075
110297
64231
70451
78467
86536
88118
88954
91134
91273
91474
93422
96430
97328
99030
109157
112087
7562
42385
78655
88678
101527
105954
107980
60365
26360
26497
60141
61071
61123
62912
88108
96565
99007
101186
109740
4395
3835
4573
2061
7657
42946
6407
7051
7613
26199
88746
2309
3567
4768
2472
52606
62235
66427
98361
40887
5211
854
6144
8017
26398
34359
26252
56015
61724
71390
4850
1606
5011
7896
26359
33722
57526
65465
74327
106749
42721
1595
5090
5196
5233
6455
6498
6562
8662
25893
42018
45658
60046
2341
2415
2426
3116
1423
5318
25835
33905
50886
4290
7169
56945
64249
5888
8025
74727
94558
3596
1444
1553
1770
1899
2397
2768
2885
2893
2977
3240
3318
3820
4158
5913
7201
7615
4384
2743
3335
6630
5424
26270
7782
5007
5376
39449
4179
4375
4793
4841
4869
5024
5744
6516
8989
26116
26128
27812
32853
33237
41425
51088
84187
4597
7626
56079
713
6700
5999
32352
44972
50806
62331
64229
4268
26495
53355
7480
25737
33126
43910
59945
60803
90603
2756
3710
3838
3847
4142
6158
6625
6794
6992
6999
31042
32834
53887
1903
56846
6877
1555
2007
31948
1315
2548
7141
27073
47084
47634
56626
71926
73681
64695
97744
36086
67252
69136
73868
60937
61248
4305
4486
4607
8982
27456
33558
48741
58492
72308
3402
6285
6613
96567
7261
83374
86815
1575
795
1872
1898
3014
3373
3894
4074
4313
4965
5175
5216
5406
5416
5930
6430
6680
7272
27734
36477
962
4229
4864
26509
47810
51937
68941
71878
80350
81641
88356
92192
93502
96612
97188
2934
4883
112334
8426
4838
34811
74668
3530
42007
63515
1811
2127
5042
503
787
2332
6245
6554
8232
48520
48596
83803
91548
4895
3782
4106
4115
4548
4583
5181
5284
5836
5988
5427
34018
8629
5461
7259
103137
5655
5607
1455
1891
4752
5205
5717
4618
8893
54621
57421
57910
84880
91947
95237
97957
98975
101070
101739
102819
105731
106022
106195
107718
110445
114707
71129
74750
89072
90522
93805
65631
55726
77177
27114
71910
67068
3860
7066
31035
32022
61350
34411
55156
3780
8661
3242
3286
3689
5917
6718
26393
48883
78729
1471
1853
1926
3282
3995
33781
109895
3514
3640
3971
4253
5071
5340
5960
6017
6330
6334
8639
25752
26414
32882
34002
38994
42021
51638
68650
43556
52724
1857
4281
5315
5539
5883
6374
6463
6505
6689
6892
6928
7372
8504
8571
8779
27792
71254
60538
73804
100450
111443
2198
26745
1825
4732
26760
57476
4547
4777
67695
27891
45192
5221
5396
26170
36289
39779
40973
41831
47566
80315
83480
83796
89840
95307
6090
6531
7038
8841
8956
33495
54116
59404
60128
61255
1807
5614
77833
88837
98239
100487
958
34530
6610
5029
5061
5161
2522
7389
4740
53002
62137
90592
27717
63393
84980
6096
6973
7095
7207
8713
4493
32392
49263
61697
56620
1890
142
776
845
31700
50802
4081
4130
26966
26347
66354
84844
100159
101296
3924
3611
864
1871
89087
91890
103810
2835
50189
3743
698
4204
5759
8259
26744
8967
60295
72104
603
1599
5855
49526
61941
70984
979
4032
27180
5462
6781
853
4858
5923
65612
39659
67504
26749
49815
59604
76210
93750
108977
5734
5735
5736
5737
5738
5739
44115
65310
76130
77427
77798
79860
5493
1574
7418
48389
65037
4123
6871
7227
27032
69805
660
6701
26395
40494
40697
52299
58332
61257
68442
86574
86668
94130
96563
111778
114678
5919
31429
69372
74204
74754
100553
27636
66511
6409
34336
1993
2364
2876
3799
3931
4241
4792
4852
5672
5779
7228
45208
1166
1430
7949
26512
31086
31682
83827
96417
25920
86000
99468
5889
8794
5681
48591
51082
51927
3876
4511
5715
6073
6804
7923
7987
8631
8899
8934
26463
26756
30949
33188
40617
47287
47978
50447
59336
71640
89837
95761
98795
101074
101285
101850
103319
106062
106144
106452
106983
109243
111384
113252
113780
114265
118985
119068
2055
4671
32743
72601
6390
7357
8882
6720
7340
8488
856
68511
5167
6068
4129
6792
41828
55856
96857
99912
101088
111249
71688
8683
7585
2903
8830
36509
2197
26181
31247
40988
2298
7636
60363
63826
7104
129
6525
1723
212
26005
26012
7785
37545
42900
110873
5848
6923
8780
55250
58806
692
8040
54691
414
2740
3662
69251
71867
6588
989
6210
26695
3829
60992
93457
117867
2828
3401
2477
4118
4125
4193
4619
5484
7899
26989
43838
4598
1837
4952
91414
1331
3190
3345
1167
1470
1486
8043
26599
7832
71670
83798
4177
93242
43558
1473
2674
4249
5190
39419
105420
6179
49265
69818
771
397
1154
4083
4666
5232
5246
5409
5972
3636
6225
1170
4972
1652
3568
3626
3886
3900
1749
4872
5091
5490
5936
6176
7336
7928
8505
8787
26698
27797
44947
2776
2214
58418
57393
58223
60530
76317
79946
26413
27067
79299
3144
3560
84775
4209
54513
7097
7384
54732
58876
59908
64030
66330
69278
70706
27423
63645
1495
1826
4635
47670
105653
4608
5657
6366
8777
26280
41712
43899
93598
3912
3954
4879
7416
5003
5158
5332
5832
2256
2979
3577
3848
618
1448
27515
32314
57972
59256
60007
3781
54094
62265
66304
73488
76030
77414
81180
4845
1602
1822
4694
2487
47830
58432
3126
3465
51545
3349
3419
4114
4538
39768
58649
44759
1850
53466
31445
33270
45003
63276
89582
2479
61075
6425
79987
2675
4659
5314
3313
5456
5598
5891
7019
39400
50798
58485
81516
84189
93475
93819
96691
96917
103315
104908
4481
5467
5517
5656
5741
65142
2833
6191
6682
7488
8826
86237
88022
105429
107196
52460
56915
3520
2444
104925
43932
95207
1145
78746
4243
1318
5382
59594
136
2566
4469
26797
72714
77154
97230
48943
72980
102084
103659
103755
110566
113278
8852
1149
2604
2760
6670
7198
26726
48638
58404
60213
70687
74573
77667
77788
79684
89170
98836
100083
103541
103801
104419
108715
110675
45221
72483
73027
82378
87405
87785
90343
91752
8674
980
70742
56671
75395
95201
104337
104863
113532
97757
5422
102062
103849
26914
67073
79006
104712
5125
3610
2814
7345
26336
31422
72762
68099
71205
77264
96975
46919
49524
57534
73713
75985
2748
5596
5731
2199
3378
105742
3377
32375
51007
1877
1793
4301
3140
7309
30723
66019
83318
167
295
641
752
2965
4348
1434
6342
51094
1140
4171
26119
100356
5722
67792
1864
4763
2008
66596
90469
6570
7165
52443
74731
88267
95377
4908
6474
7769
26049
26265
60338
69027
3687
26513
6025
6540
889
2994
3902
6801
25994
48167
60885
80374
82059
89000
89343
93164
100272
105531
115881
4140
2733
4026
4596
4937
5006
6054
7314
8655
27784
8979
5987
64037
70361
127
103639
25971
78235
44568
60201
27338
31705
57845
60758
8578
4494
3776
55419
5173
5182
5800
974
4653
5926
5931
6092
6207
6510
6646
6769
6813
7326
5086
8190
26464
32464
86504
94974
95149
100444
7349
2638
5381
8256
2063
118890
6347
4236
55946
4565
58379
68843
84942
41815
67138
972
51287
56744
68324
108192
104218
6426
96304
32906
82934
98193
5806
6988
5828
3939
59485
5550
7417
32584
40952
3239
3721
67
1768
1839
2957
5473
5488
50619
44900
58309
59273
103366
5248
5648
6566
44729
54768
128
3609
69542
3048
2589
4341
5503
8153
8875
101942
52806
51187
51903
58185
76151
91323
92439
94401
94841
100436
110194
112316
33760
67999
27176
3119
6806
8258
34648
80398
7108
92938
3933
3588
847
2884
3612
7287
43684
3648
7197
6198
39369
55517
38843
7168
8392
8920
47124
1156
6551
4926
4497
4181
5285
6451
7415
8689
26491
46959
53406
97326
895
4590
6493
993
33688
1133
6949
4805
90863
462
84156
1750
4580
120
939
4250
5501
6013
6261
6958
7770
40962
1364
792
857
1157
3472
3644
4431
4861
4917
4984
5001
5058
5085
5194
5259
5262
5359
5384
5794
5842
6047
6236
6415
6513
6515
6603
6673
6911
6964
7110
7181
7249
7253
7479
7490
7839
7935
7995
8140
8400
8540
8611
8657
8677
8804
25782
25833
25906
25908
25924
25945
25962
26083
26139
26176
26602
30952
31030
31104
31467
31628
31854
34063
41575
47117
47493
47956
57550
62662
66339
67957
81725
85372
92152
110796
5140
4622
7119
8062
31367
5962
5251
8503
71550
94953
26277
4560
5240
26562
865
3025
3180
3442
3579
4319
4324
4363
7988
706
94024
96991
48711
64114
74580
92681
55566
59295
7106
41025
402
1102
1311
1731
2164
2999
3031
4100
4398
4418
4566
4567
4949
5242
5360
5597
5647
5884
6141
6204
6995
7041
1138
4417
4689
6653
5180
3380
5053
31251
6015
38538
43912
45074
58494
60322
61449
65882
67784
71184
5798
6240
6665
6298
27473
42053
50954
51498
59107
67168
71494
84613
87529
88237
4272
5699
6386
25888
26770
27006
54121
56350
65256
86355
93265
5512
4750
4505
4829
5429
5468
84696
7893
37335
44582
2041
59129
27648
60135
83332
87522
91690
99220
107042
112399
114074
118702
120466
64508
1867
50909
80748
772
5083
7563
2200
2603
8698
52037
88345
117109
4199
66691
3663
3664
31431
2388
4706
26025
6394
6469
7617
1504
4260
5321
33410
106011
5263
31079
2537
64930
79832
2326
1336
2461
5136
5203
27793
54908
797
67534
81276
93766
101283
102058
106540
113345
4663
5063
26070
51894
55106
67140
69498
82848
82976
3934
6486
5212
1567
2191
4530
614
630
813
819
92496
92498
92500
2811
26271
793
820
3803
4791
50183
78264
6839
57772
113604
27699
80941
95199
101529
108949
1632
70597
5124
7131
7194
8931
52784
89369
100440
4817
31807
47907
80584
91290
101137
4127
73494
4286
2226
57532
2215
2823
4482
5174
5245
6038
7220
7898
25798
32844
39934
73569
75351
43908
5928
8194
25926
26009
26334
7021
71732
89862
42938
52867
60418
4868
4503
5845
5966
71573
2464
2868
1675
967
8588
8579
8700
47805
4320
5230
50356
89045
1666
6802
8263
197
4822
8013
8625
8996
874
1039
2685
447
63540
4053
5104
2233
5343
61948
8375
6597
6842
82854
31724
1878
64321
73042
37
775
7913
32395
73829
74582
72557
108548
696
41912
72393
25842
51455
94752
95375
32707
126426
5773
26674
26700
73000
96062
33294
69992
87205
96490
56511
5192
8487
5538
87960
72947
6688
33912
220
285
682
794
821
827
873
884
1002
1045
1052
1134
1143
1168
42634
6829
1930
4925
7638
55257
2786
6522
25960
54274
32988
37477
52424
99957
110718
744
4702
54328
1058
7308
55098
95218
703
27667
44978
105585
8587
90350
3057
5143
6511
138
3585
5430
7892
8374
50705
7341
26371
5573
1137
717
117887
8068
99305
31889
46604
78174
80222
91628
1119
2196
59014
4157
42518
7881
78332
54934
58652
84407
93748
109850
113348
25859
5141
9002
76301
8994
31188
80588
6587
56176
26791
4048
62198
68472
6475
74787
7405
756
5116
5907
6091
6267
6926
7092
7571
8057
8381
8518
8900
8921
38198
32452
26732
93420
26164
27513
65259
5455
45852
1071
2480
8778
8885
27826
26819
61073
65817
70206
73929
74131
79528
82095
91505
91972
38320
114818
57543
104906
4851
69495
8864
4933
6084
86973
116397
5130
7821
49666
7002
38164
94109
104520
8421
31851
48059
76127
79594
5513
80111
110407
82499
2695
64010
5331
4108
6445
33081
5854
56370
90914
99530
88701
89650
112868
34292
97393
796
6182
55926
78519
2368
43444
70992
58898
61705
33124
110461
7239
5153
4526
2516
90890
4213
981
3853
3883
5327
5856
33832
43923
53349
70912
79467
81639
96592
99795
111436
113207
117123
30970
3065
7406
7846
5228
6681
114554
7310
2536
57223
8454
1063
1905
2293
59715
96616
105037
66762
67618
86723
90809
5113
6423
6468
92954
64273
72228
6408
1115
6251
7312
7420
8187
54278
55259
95446
98083
87930
3796
4854
4944
4946
8007
8063
148
6751
26686
46865
49642
55241
8678
4288
48193
6169
5946
26982
58365
60289
7675
44100
49902
80648
82633
91515
1160
32914
4962
6558
6605
7283
5821
84663
6519
78022
5627
59000
3389
49615
77731
2039
636
789
1360
1579
1724
2030
5924
7523
7582
7697
7704
7882
7890
7945
7992
8003
8222
8525
3343
4611
6304
6848
26494
687
1467
70032
65235
86955
6326
65567
78251
48229
68685
8766
74740
99106
61742
74827
3021
4196
6328
33008
45188
96868
107649
7185
25742
3464
37853
4934
27783
8801
2773
4058
6398
25946
72913
5781
26644
44421
52413
60745
73270
1146
26051
32174
27528
32511
32811
43883
53827
56633
80469
130
27564
2299
5448
6036
8127
32862
36397
60763
4514
5552
5491
3575
4807
26346
3944
32285
8858
59339
47642
54734
79910
3437
95002
95839
3874
48522
7196
26762
60103
6706
3522
88977
68612
92904
5442
94939
48600
78759
84855
84414
106762
118888
5543
49013
50149
82152
87483
34499
54378
26399
26123
30742
34579
5786
60020
25950
96667
6771
69945
72603
2825
6053
5687
7993
43987
90738
4536
66092
4668
6897
73664
108825
43009
45412
50944
58964
70465
83293
88593
98607
100138
106204
109968
7109
2101
79230
3804
40342
61348
6827
69253
679
26245
93320
26109
32296
68444
98973
8383
80820
730
2608
4099
4073
4606
8927
4185
7180
8572
26086
55078
68838
26256
84637
66798
8971
6914
8133
4707
6194
52189
83829
26985
5213
27537
94469
98369
86412
2591
2854
6855
27862
42602
51847
56379
57453
89490
93404
96373
97779
45533
68263
82931
96020
72334
8811
59721
60522
8782
5742
6488
1139
33629
1324
1325
1679
2515
1685
1787
31900
26289
2156
26487
32084
67907
84154
42740
89846
6161
6256
6741
7251
7288
26630
93212
99986
1501
6391
7264
7295
1322
36931
110655
80553
1075
39441
5948
6324
63481
70301
70305
79572
84570
712
1383
81568
52279
53138
53140
57326
71318
6752
3043
4101
114601
63312
25812
25951
64418
70656
111617
68519
78245
7315
72696
86059
8894
32646
2543
25977
31156
52591
5275
3229
4825
6492
26230
84240
27751
88349
1328
2655
3572
5697
6208
6371
27618
31553
45361
62383
71160
91660
26691
66279
2679
4182
4463
4652
4892
6087
6432
7391
7625
26577
31160
86642
50517
52456
2910
85565
109191
3413
6830
27326
33321
45891
52378
73513
6471
4510
5186
81424
27619
91386
26059
40755
63676
27009
3486
55020
53592
56095
70637
85885
73983
26999
89638
52545
8980
51911
88069
6563
53574
49007
86578
398
1538
44301
5355
8855
31032
27833
2592
90630
118880
74649
2636
94810
27003
4656
58287
5978
97959
104636
33
95067
3674
623
1400
4093
27729
56167
57183
58111
73900
91844
98956
1577
4983
1739
4328
26219
3042
59729
6057
92198
100737
112946
69131
43699
52831
72921
7186
34375
59910
5935
6940
56069
8761
8850
31963
81020
34065
27362
96863
100089
4950
5215
61009
4940
106332
8896
86279
1316
5204
4593
91707
822
4490
71246
87197
7313
139
65435
72159
116887
134
4724
4746
46653
87004
91888
102088
27075
3657
60526
871
103474
6642
5413
128320
78313
530
66943
99470
51380
102072
60133
4472
59738
50147
3149
8692
8758
8093
32170
8941
74139
84137
5819
25899
64900
66310
1820
2449
72692
40828
43415
67361
68028
4853
32124
26803
59816
32444
26141
51666
33808
71991
1118
1165
1309
1319
1368
27736
62115
5162
6276
7583
25987
26259
54605
56098
60384
78898
85777
7457
3314
105869
54290
1782
6704
56165
72261
6876
26153
71141
59834
5730
6875
70565
652
8716
25959
50153
658
107024
50594
37211
71178
83326
3938
3941
3942
4667
5148
1443
73572
96969
99996
26696
97648
54248
2569
4173
91681
7358
26228
46034
79029
97984
7953
65709
27811
51559
50533
816
843
67098
629
4382
106839
3085
7886
70186
47330
66118
4693
5922
27888
105254
62764
4870
7885
44295
32600
90154
8714
5189
6795
8868
70978
100165
70015
95604
7262
108501
6177
6925
6000
73370
77353
96700
6135
38656
26248
6325
2246
59362
59399
4070
8543
5457
3570
4076
4775
85261
49123
31584
5762
4588
8828
83059
73824
61354
55440
27162
73117
560
4556
43906
3642
74148
4445
32735
49085
311
3778
6572
52715
90929
32211
33861
95004
5386
106503
6555
80880
114066
27509
59753
2855
3207
70802
68901
65357
56561
36531
60471
36539
27841
1718
4953
88699
8803
4818
5622
34729
3665
7774
5964
99811
723
763
27357
25944
56336
7248
79874
31349
70497
80844
26448
85540
2658
69118
31698
2838
78319
72035
76709
74653
6479
887
8129
93006
39529
66618
90899
2703
7408
74818
79895
56786
53999
94410
69830
60336
2234
16
47
50
110
111
260
296
318
370
420
480
527
541
589
593
858
903
904
908
923
1089
1090
1193
1196
1198
1206
1208
1213
1214
1219
1221
1222
1225
1228
1233
1247
1250
1258
1263
1266
1272
1304
1945
1953
2186
2329
2692
2728
2762
2858
2871
2917
2947
2959
2997
3147
3435
3471
3481
3551
3996
4027
4226
4262
4855
4878
4993
5060
5418
5445
5902
5952
6016
6539
7361
31410
33794
41997
1
150
172
337
356
529
553
671
745
919
924
953
1079
1080
1097
1127
1136
1148
1178
1210
1242
1253
1262
1265
1270
1276
1278
1298
1356
1374
1376
1411
1527
1573
1590
1909
1968
2009
2011
2012
2028
2046
2094
2105
2116
2300
2395
2401
2455
2478
2529
2571
2628
2640
2657
2662
2918
2944
3033
3246
3253
3396
3421
3448
3608
3671
3698
3753
4022
4223
4327
4361
4499
4995
5349
10
112
141
160
180
223
224
333
368
457
466
471
551
592
608
741
750
799
899
913
955
1125
1188
1200
1203
1215
1218
1220
1246
1252
1256
1261
1291
1320
1345
1358
1377
1391
1500
1517
1597
1619
1680
1682
1693
1704
1748
1923
1994
2003
2006
2058
2064
2124
2161
2194
2232
2268
2273
2278
2291
2301
2321
2335
2378
2420
2423
2431
2502
2542
2599
2706
2717
2746
2788
2791
2924
2987
3000
3020
3052
3083
3089
3267
3275
3300
3409
3476
3535
3552
3555
3578
3624
3785
3793
3868
3911
3948
3972
3988
4002
4011
4085
4105
4299
4306
4546
4642
4701
4718
4816
5072
5291
5299
5464
5528
5618
5669
5679
5690
5903
5991
6188
6242
6281
6283
6287
6373
6377
6385
6502
6662
6773
6807
6874
7090
7099
7147
7153
7254
7293
7360
7438
7451
7482
8132
8228
8360
8464
8529
8636
8641
8798
8874
8914
8950
8958
8961
8983
27773
31878
32587
34405
36529
37733
38061
39292
44191
44195
44199
44761
45672
46578
47610
48043
48394
48516
48774
48780
49272
51255
51540
51662
52973
54995
56782
57669
58998
59315
59369
60684
63082
63131
66934
69122
70286
71535
72998
73017
76251
79132
88140
89745
91529
112852
70
231
442
733
778
780
994
1580
1663
2324
2701
2890
3301
3977
4270
4896
4979
5010
5378
5459
5574
5816
5989
6333
6365
6378
6711
6863
6934
6942
7143
7458
8368
8371
8644
8917
8949
33493
33679
34048
34162
35836
40815
45499
45722
48385
50068
52281
53125
54001
54503
56367
61024
61132
67255
69481
69757
69844
72011
79702
81834
84954
86882
88125
88129
91542
92259
96079
97752
98809
111759
2
14
17
39
123
154
222
232
265
288
293
300
539
562
785
898
902
909
915
916
920
930
932
933
943
1028
1086
1088
1147
1186
1230
1231
1235
1244
1249
1269
1280
1288
1307
1333
1380
1387
1405
1449
1466
1537
1584
1674
1732
1734
1965
2010
2013
2019
2076
2100
2108
2160
2302
2318
2359
2366
2398
2470
2527
2710
2729
2797
2804
2819
2915
3095
3105
3186
3198
3363
3424
3429
3468
3507
3730
3741
3751
3844
3897
4014
4246
4641
4973
5225
5608
5673
5782
6331
6620
7323
8645
21
29
32
41
101
104
162
216
246
247
319
357
373
377
383
440
441
515
538
555
587
784
800
911
912
1036
1042
1059
1077
1092
1095
1101
1175
1197
1199
1212
1234
1243
1245
1248
1257
1259
1268
1273
1282
1285
1297
1347
1365
1393
1394
1407
1625
1635
1653
1673
1719
1721
1777
1784
1834
1845
1884
1885
1912
1921
1967
1982
1997
2005
2020
2118
2139
2140
2144
2174
2176
2231
2248
2289
2371
2396
2413
2501
2600
2686
2699
2712
2716
2731
2761
2859
2908
2912
2919
3006
3019
3030
3044
3108
3160
3176
3201
3317
3328
3361
3362
3556
3683
3740
3910
3967
3983
3994
4029
4034
4069
4235
4378
4467
4489
4720
4848
4881
4886
4963
4975
5266
5502
5577
5956
5992
6323
6440
6669
6708
6867
6879
7387
8376
8784
8957
8970
8972
8984
30810
30812
37741
38038
39183
40819
46976
60
262
364
588
595
837
934
1017
1023
1035
1907
2080
2081
2125
2565
2687
3114
3159
4857
5064
5971
6350
7669
26662
30816
31658
41566
50872
54259
59784
76093
77561
79091
81847
87232
91500
95510
97913
6
19
22
25
194
198
344
353
410
431
475
594
616
968
969
1029
1093
1094
1120
1129
1201
1204
1240
1241
1255
1275
1281
1287
1293
1339
1343
1348
1350
1370
1408
1544
1690
1729
1947
1954
1960
2000
2115
2193
2288
2641
2648
2700
2872
2916
2949
2993
3037
3072
3174
3175
3418
3461
3462
3499
3527
3654
3703
3863
11
34
36
45
48
58
95
151
161
218
235
236
261
277
280
281
342
348
349
367
376
380
474
477
500
508
509
552
585
524
597
736
914
1207
1302
1873
2355
3088
3360
3916
6565
6787
60069
64957
78499
81845
5
62
185
350
454
1073
1608
1610
2001
2167
2424
2948
3635
3798
3984
8622
28
720
950
951
1172
1641
1952
3359
3408
27611
58559
31
74
79
140
147
203
225
230
253
282
299
345
351
382
145
1223
1274
1372
1485
1552
2018
2671
2985
3060
3107
3148
3702
3949
4308
6870
6947
7502
30707
30793
33166
54286
55247
64614
64839
68157
68237
68358
68954
80463
81591
82459
52
105
164
446
590
648
708
832
922
1012
1019
1041
1084
1103
1251
1254
1267
1283
1301
1321
1344
1396
1429
1479
1589
1617
1711
1747
1950
1961
2021
2065
2109
2150
2312
2313
2352
2406
2407
7
24
163
165
252
266
276
292
303
316
329
372
481
485
647
805
852
954
971
1047
1060
1104
1124
1209
1271
1371
1378
1476
1513
1569
1587
1620
1645
1676
1917
1955
1958
1962
2023
2134
2145
2340
2353
2391
2403
2409
2490
2528
2539
2541
2617
2683
2694
2739
2795
2881
3039
3081
3098
3101
3178
3210
3247
3252
3255
3271
3504
3508
3510
3623
3717
3755
3809
3969
3980
4007
4017
4018
4019
4103
4148
4239
4321
4370
4447
4571
4734
4776
4874
5014
5377
5954
5995
6003
6155
7373
8533
8665
26614
30749
33660
49530
55820
56174
81932
317
339
719
783
986
1566
1835
1876
2137
2394
2572
2724
3087
3450
3489
4016
4638
5218
5620
7149
7160
53996
56587
176
1441
1586
1918
2002
2085
2282
2390
2688
2723
2763
2770
2840
2841
586
628
1061
3168
23
786
849
1722
2605
3082
3256
3257
434
788
2054
2243
3035
3638
314
1179
1367
1959
1963
2336
2433
2622
2973
3298
3952
69
215
290
1227
1464
2921
2951
3196
3386
3681
5013
5152
5444
5810
5878
6796
7022
8638
8873
55118
55765
653
2096
2664
8910
44555
72226
520
2078
4310
4367
4901
6537
153
208
1032
1373
1375
2393
2471
3034
4643
33004
53972
86
168
173
196
204
256
273
315
491
494
88744
97921
99114
497
678
1022
1224
3536
306
307
308
1260
1892
2677
3744
4865
6953
7371
7445
44665
48738
54997
74458
8361
41569
158
207
362
371
381
450
531
605
765
802
830
1049
1081
1100
1183
1416
550
2722
3617
4025
54272
249
910
926
2245
2966
3157
5945
7256
532
1385
1639
2826
2143
5617
55269
56757
66097
1299
4326
36517
61240
94959
97304
272
1284
1292
1303
2991
3100
3451
3543
1189
3307
940
1078
1277
1957
2067
2087
2114
2117
2405
2427
2968
3135
3005
534
44
1027
596
1678
2718
2402
2411
175
5791
6218
724
4006
661
1025
2083
2133
2138
3155
6936
1735
2467
107
2863
432
1096
1185
1296
1694
1810
2463
3053
3479
4084
213
493
535
543
838
866
965
1131
1132
1177
1217
1300
1354
1357
1446
1594
1701
1916
2294
2333
2357
2857
5446
170
257
492
2580
2581
673
2672
8981
3
1237
3129
41285
468
1238
2989
125
144
999
1483
47099
89
514
728
81
1020
1883
2618
2792
3265
3735
135
186
709
3104
3699
3959
900
1438
2690
3334
40629
905
2384
5388
1801
5747
6104
599
714
928
1211
1949
2132
40583
4033
302
1295
1956
3498
2421
1171
1614
1643
3685
34072
1672
1264
2594
428
1633
1805
2707
5500
2297
610
322
43
