138493,1835,4.5,1255817206
138493,1884,5.0,1255807098
138493,1894,3.0,1255804827
138493,1918,4.5,1255817436
138493,1921,5.0,1255809936
138493,1955,4.0,1256751154
138493,1961,4.0,1255816114
138493,2000,4.5,1255817484
138493,2001,4.5,1255817429
138493,2002,4.5,1255817431
138493,2006,4.0,1256750301
138493,2018,3.5,1256750425
138493,2028,4.0,1255817094
138493,2050,3.0,1256750671
138493,2051,3.0,1256750671
138493,2065,4.0,1255805272
138493,2078,4.0,1256750459
138493,2081,4.0,1256750604
138493,2083,4.0,1255807389
138493,2085,3.5,1256750533
138493,2087,4.0,1256750473
138493,2088,3.5,1255804941
138493,2096,4.0,1256750492
138493,2115,4.5,1255817580
138493,2124,4.0,1256680192
138493,2161,3.5,1258390362
138493,2232,5.0,1255817892
138493,2291,4.5,1255810679
138493,2329,5.0,1255815962
138493,2355,4.0,1256750437
138493,2367,4.0,1255805020
138493,2387,4.5,1255816198
138493,2402,4.0,1255817929
138493,2403,4.5,1255817932
138493,2404,4.5,1255817926
138493,2405,4.5,1258135034
138493,2406,4.5,1258135045
138493,2420,4.0,1258134798
138493,2421,2.0,1258134776
138493,2422,1.0,1258134787
138493,2424,5.0,1255817156
138493,2571,4.5,1255809922
138493,2628,2.0,1258390474
138493,2643,3.5,1255804957
138493,2662,4.0,1255804843
138493,2696,4.0,1258134927
138493,2709,5.0,1255807380
138493,2710,3.0,1255805792
138493,2716,4.0,1258390325
138493,2717,4.5,1255817655
138493,2732,5.0,1255810374
138493,2787,5.0,1255817283
138493,2827,4.5,1255810760
138493,2840,3.5,1255804850
138493,2843,5.0,1255809892
138493,2857,5.0,1255804880
138493,2858,5.0,1255816056
138493,2872,4.0,1255804784
138493,2919,4.0,1255817412
138493,2943,4.5,1255807462
138493,2953,4.0,1255816288
138493,2959,5.0,1255816025
138493,2970,5.0,1256680267
138493,2987,4.5,1258390343
138493,2997,4.5,1255807584
138493,3011,3.0,1256750239
138493,3020,4.5,1258134998
138493,3034,4.0,1256750404
138493,3081,3.5,1255810694
138493,3083,5.0,1255811247
138493,3114,3.5,1255817137
138493,3147,4.0,1255817097
138493,3174,5.0,1255804745
138493,3176,5.0,1255818236
138493,3186,5.0,1255816914
138493,3262,4.0,1255811331
138493,3268,3.0,1255818046
138493,3269,4.0,1255817434
138493,3355,4.0,1255810774
138493,3396,5.0,1255807383
138493,3527,4.0,1255810007
138493,3720,5.0,1255817837
138493,3751,4.5,1255817387
138493,3752,4.0,1255810563
138493,3793,4.5,1258135103
138493,3949,5.0,1255809979
138493,3977,4.0,1255817335
138493,3988,4.5,1255810549
138493,3996,5.0,1255805154
138493,4007,4.5,1258135007
138493,4014,4.0,1255810732
138493,4018,4.5,1255817466
138493,4155,4.0,1255810948
138493,4306,4.5,1256750407
138493,4343,4.0,1258390797
138493,4367,4.0,1255816960
138493,4383,4.5,1255805303
138493,4591,5.0,1255809719
138493,4621,4.0,1258390526
138493,4643,3.5,1255810836
138493,4673,4.0,1255818014
138493,4681,5.0,1258135053
138493,4865,4.5,1255807149
138493,4867,3.0,1255817319
138493,4874,4.0,1258390348
138493,4886,4.0,1256750393
138493,4958,4.0,1260209482
138493,4973,5.0,1255806298
138493,4992,4.5,1255817215
138493,4993,4.0,1258390225
138493,5135,5.0,1255805591
138493,5146,5.0,1255818388
138493,5171,4.5,1255809568
138493,5218,4.5,1256750514
138493,5269,5.0,1255809945
138493,5378,3.5,1258390485
138493,5388,4.0,1255812141
138493,5444,4.5,1256750518
138493,5459,4.0,1258390811
138493,5502,4.0,1258390735
138493,5530,4.0,1255812167
138493,5618,5.0,1255805783
138493,5679,5.0,1255811478
138493,5694,5.0,1255818035
138493,5720,5.0,1258135223
138493,5782,4.5,1257785447
138493,5785,3.5,1256854775
138493,5813,4.0,1255811146
138493,5878,5.0,1255811245
138493,5902,5.0,1255807631
138493,5945,4.5,1255816144
138493,5952,4.0,1258390268
138493,5971,5.0,1255805938
138493,5989,4.5,1255815920
138493,5992,5.0,1256680664
138493,5995,3.0,1255809941
138493,6333,4.5,1258135122
138493,6365,0.5,1255809918
138493,6370,0.5,1255811109
138493,6377,5.0,1256750400
138493,6424,4.5,1255817978
138493,6534,3.0,1260209908
138493,6538,4.5,1255816753
138493,6539,4.5,1255810657
138493,6564,4.0,1255816956
138493,6709,4.5,1255810755
138493,6711,5.0,1255817636
138493,6754,4.5,1255816375
138493,6800,4.0,1255817998
138493,6807,5.0,1255809702
138493,6870,4.5,1255809619
138493,6874,5.0,1255806503
138493,6889,4.5,1256750569
138493,6934,2.0,1255809913
138493,6942,5.0,1255809672
138493,6996,3.0,1262378555
138493,7008,5.0,1255809318
138493,7060,5.0,1258134307
138493,7090,5.0,1255805219
138493,7149,4.5,1255810908
138493,7153,4.0,1258390220
138493,7162,4.5,1255806590
138493,7293,5.0,1255817269
138493,7318,4.0,1255817452
138493,7347,4.5,1255810758
138493,7361,5.0,1255807607
138493,7371,5.0,1256288607
138493,7416,4.5,1255817853
138493,7438,5.0,1255806506
138493,7577,4.0,1258134201
138493,8254,5.0,1255805322
138493,8360,4.5,1256750489
138493,8371,1.0,1260209497
138493,8529,4.5,1255817122
138493,8604,4.5,1257785495
138493,8605,4.5,1257785524
138493,8636,4.0,1258135133
138493,8810,3.0,1258390773
138493,8884,4.0,1255817148
138493,8905,5.0,1255856919
138493,8907,4.0,1255816947
138493,8972,3.0,1255817806
138493,8973,5.0,1255811257
138493,26242,4.0,1255817575
138493,26359,4.0,1255856969
138493,26422,5.0,1256680286
138493,26776,5.0,1255805879
138493,27193,4.5,1257785520
138493,27311,3.5,1260209807
138493,27482,4.5,1255817896
138493,27689,4.5,1255805306
138493,27773,5.0,1255806599
138493,27839,4.0,1255811481
138493,30793,4.5,1255807244
138493,30812,4.5,1255815909
138493,31193,3.5,1256750381
138493,31658,4.5,1255805850
138493,31694,2.0,1256750983
138493,31696,4.5,1255810903
138493,33004,2.0,1255805662
138493,33493,4.0,1258390489
138493,33794,4.0,1260209811
138493,33830,3.0,1256750671
138493,33903,5.0,1255816555
138493,34048,4.5,1258390758
138493,34143,2.0,1255811429
138493,37386,2.0,1256680152
138493,37729,3.5,1255810691
138493,38038,4.5,1255810190
138493,38798,4.5,1256680116
138493,39183,5.0,1255806612
138493,39435,4.0,1256750297
138493,39869,4.5,1255805351
138493,40278,4.5,1255807298
138493,40819,4.5,1260209726
138493,41285,4.0,1255806265
138493,42738,4.5,1255816378
138493,44022,4.0,1260209449
138493,44555,5.0,1255806360
138493,45447,2.5,1255811093
138493,45517,2.5,1256750510
138493,45668,3.5,1255810930
138493,45722,3.5,1255810652
138493,46578,4.0,1255817873
138493,47465,5.0,1256680620
138493,48043,4.5,1256749799
138493,48082,5.0,1258390139
138493,48229,4.5,1255816542
138493,48304,3.5,1255817394
138493,48385,5.0,1255817767
138493,48516,5.0,1255815874
138493,48780,5.0,1255804799
138493,49651,4.0,1255817985
138493,50601,3.5,1258390414
138493,50872,3.5,1256750388
138493,51086,3.5,1255810566
138493,51662,4.5,1255856908
138493,51884,4.5,1256294768
138493,52579,4.0,1255856957
138493,52975,4.0,1256680293
138493,53123,4.0,1255816320
138493,53125,3.0,1255810649
138493,53322,4.0,1255812146
138493,53464,4.0,1260209920
138493,53996,4.5,1259865104
138493,55269,5.0,1255816088
138493,55814,5.0,1255811181
138493,56757,3.0,1255810698
138493,56801,3.0,1255809988
138493,58879,4.5,1255816798
138493,59315,4.0,1255818138
138493,59725,3.0,1255818078
138493,59784,5.0,1255816901
138493,60069,4.0,1258134687
138493,60816,4.5,1259865163
138493,61160,4.0,1258390537
138493,65682,4.5,1255816373
138493,66762,4.5,1255805408
138493,68319,4.5,1260209720
138493,68954,4.5,1258126920
138493,69526,4.5,1259865108
138493,69644,3.0,1260209457
138493,70286,5.0,1258126944
138493,71619,2.5,1255811136
